strategic_region={
	id=25
	name="Central Canada"
	provinces={
		1 6 10 19 22 28 34 40 44 66 70 80 108 122 128 139 158 160 187 189 196 200 213 215 220 226 227 234 235 243 260 268 288 294 298 306 308 322 366 373 384 394 395 408 434 448 452 465 471 486 489 490 509 515 523 524 532 542 553 588 600 602 603 615 638 643 647 659 662 670 682 693 704 715 718 721 735 743 764 775 787 792 794 803 808 815 824 832 840 848 850 860 875 885 887 893 907 908 943 954 955 961 986 989 1017 1022 1024 1050 1062 1067 1085 1095 1099 1124 1131 1165 1179 1186 1189 1207 1219 1221 1241 1243 1252 1256 1261 1263 1272 1274 1276 1289 1290 1316 1320 1326 1332 1349 1350 1354 1360 1364 1369 1390 1398 1404 1420 1421 1456 1459 1460 1462 1481 1482 1487 1495 1500 1505 1516 1519 1522 1533 1560 1591 1599 1601 1610 1617 1659 1661 1666 1676 1678 1685 1695 1701 1702 1706 1724 1745 1762 1767 1771 1786 1800 1804 1805 1827 1834 1836 1838 1839 1849 1853 1857 1877 1914 1924 1926 1933
		1942 1945 1987 1989 1997 2032 2037 2052 2055 2065 2075 2079 2085 2086 2102 2104 2138 2143 2146 2161 2166 2167 2187 2189 2197 2207 2220 2228 2234 2243 2245 2253 2262 2265 2274 2283 2300 2329 2354 2356 2357 2388 2404 2406 2408 2430 2462 2463 2474 2475 2478 2481 2503 2512 2517 2518 2534 2536 2549 2551 2554 2565 2576 2584 2588 2600 2607 2611 2625 2642 2645 2647 2669 2671 2673 2698 2716 2722 2735 2737 2742 2758 2768 2813 2831 2852 2866 2877 2890 2899 2920 2937 2963 2993 2997 3005 3006 3008 3021 3024 3028 3039 3040 3050 3068 3071 3076 3087 3093 3101 3116 3120 3152 3156 3164 3169 3170 3171 3175 3177 3207 3249 3252 3272 3290 3294 3297 3305 3307 3320 3325 3329 3340 3357 3366 3377 3384 3397 3398 3423 3429 3445 3446 3447 3454 3482 3494 3510 3531 3551 3559 3597 3612 3633 3651 3653 3668 3677 3702 3722 3727 3750 3766 3780 3805 3806 3811 3814 3829 3839 3854 3911 3933 3938 3942 3966 3969 3973 3976 4002 4035 4075 4095 4109 4110 4119 4124 4125 4158 4180 4183 4197 4204 4209 4217 4222 4223 4232 4251 4284
		4293 4301 4307 4322 4324 4331 4337 4340 4341 4353 4372 4382 4387 4400 4413 4420 4440 4477 4503 4521 4571 4575 4603 4605 4633 4648 4664 4683 4688 4692 4745 4760 4788 4801 4806 4816 4820 4861 4864 4894 4929 4953 4968 4978 4980 4994 5031 5053 5064 5076 5093 5103 5122 5143 5164 5207 5219 5232 5233 5239 5283 5292 5295 5306 5307 5321 5327 5353 5415 5417 5430 5432 5435 5459 5461 5462 5477 5480 5489 5492 5509 5519 5550 5558 5588 5611 5638 5643 5663 5671 5687 5699 5711 5720 5736 5812 5827 5832 5842 5882 5904 5909 5922 6201 6214 6222 6223 6229 6245 6248 6252 6255 6257 6262 6267 6269 6271 6280 6287 6298 6302 6303 6304 6307 6314 6317 6328 6332 6334 6338 6340 6342 6346 6351 6353 6354 6356 6361 6364 6365 6369 6370 6375 6377 6383 6384 6388 6389 6393 6394 6396 6399 6400 6406 6412 6413 6414 6416 6417 6418 6424 6426 6427 6428 6429 6433 6435 6436 6437 6443 6445 6446 6447 6449 6450 6454 6457 6458 6459 6460 6463 6465 6468 6472 6473 6474 6477 6480 6483 6485 6486 6487 6494 6496 6497 6500 6504 6508 6510 6512
		6513 6518 6520 6529 6534 6535 6536 6537 6539 6544 6545 6549 6550 6556 6557 6561 6563 6566 6568 6570 6571 6573 6575 6577 6578 6579 6580 6581 6586 6588 6594 6599 6601 6603 6604 6605 6607 6608 6612 6616 6618 6622 6623 6626 6627 6635 6636 6637 6644 6647 6648 6650 6651 6656 6657 6661 6662 6665 6666 6667 6669 6674 6675 6677 6678 6682 6683 6686 6687 6688 6689 6691 6693 6694 6696 6700 6701 6702 6703 6705 6709 6712 6715 6719 6720 6721 6722 6726 6729 6730 6733 6734 6742 6745 6750 6754 6762 6764 6773 6776 6777 6782 6795 6804 6805 6823 6827 6829 6868 6869 6886 6887 6901 6938 6963 6964 6970 6987 6994 7002 7011 7012 7018 7030 7076 7090 9559 9565 9573 9574 9575 9576 9581 14493 14495 14500 14503 14511 14512 14515 14516 14517 14519 14522 14535 14539 14540 14551 14561 14565 14567 14575 14586 14608 14609 14614 14615 14620 14692 14699 14702 14707 14712 14717 14719 14720 14735 14737 14739 14741 14745 14747 14750 14753 14754 14755 14757 14758 14759 14761 14765 14766 14767 14771 14773 14775 14776 14779 14781 14784 14787 14789 14794 14796 14812 14819 14822 14824 14827 14833
		14834 14835 14838 14839 14840 14843 14845 14846 14849 14850 14853 14854 14855 14857 14858 14861 14862 14863 14865 14866 14868 14869 14871 14873 14874 14875 14876 14878 14879 14880 14881 14882 14884 14885 14895 14900
	}
	weather={
		period={
			between={ 0.0 30.0 }
			temperature={ -17.0 -7.0 }
			temperature_day_night={ 6.0 -7.0 }
			no_phenomenon=0.610
			rain_light=0.020
			rain_heavy=0.000
			snow=0.280
			blizzard=0.090
			arctic_water=0.000
			mud=0.040
			sandstorm=0.000
			min_snow_level=0.300
		}
		period={
			between={ 0.1 27.1 }
			temperature={ -16.0 -5.0 }
			temperature_day_night={ 6.0 -7.0 }
			no_phenomenon=0.640
			rain_light=0.020
			rain_heavy=0.000
			snow=0.260
			blizzard=0.080
			arctic_water=0.000
			mud=0.050
			sandstorm=0.000
			min_snow_level=0.280
		}
		period={
			between={ 0.2 30.2 }
			temperature={ -10.0 1.0 }
			temperature_day_night={ 6.0 -7.0 }
			no_phenomenon=0.670
			rain_light=0.060
			rain_heavy=0.010
			snow=0.200
			blizzard=0.060
			arctic_water=0.000
			mud=0.160
			sandstorm=0.000
			min_snow_level=0.180
		}
		period={
			between={ 0.3 29.3 }
			temperature={ -2.0 9.0 }
			temperature_day_night={ 6.0 -7.0 }
			no_phenomenon=0.730
			rain_light=0.140
			rain_heavy=0.030
			snow=0.080
			blizzard=0.020
			arctic_water=0.000
			mud=0.280
			sandstorm=0.000
			min_snow_level=0.050
		}
		period={
			between={ 0.4 30.4 }
			temperature={ 5.0 17.0 }
			temperature_day_night={ 6.0 -7.0 }
			no_phenomenon=0.730
			rain_light=0.200
			rain_heavy=0.060
			snow=0.010
			blizzard=0.000
			arctic_water=0.000
			mud=0.220
			sandstorm=0.000
			min_snow_level=0.000
		}
		period={
			between={ 0.5 29.5 }
			temperature={ 11.0 23.0 }
			temperature_day_night={ 6.0 -7.0 }
			no_phenomenon=0.680
			rain_light=0.240
			rain_heavy=0.080
			snow=0.000
			blizzard=0.000
			arctic_water=0.000
			mud=0.120
			sandstorm=0.000
			min_snow_level=0.000
		}
		period={
			between={ 0.6 30.6 }
			temperature={ 14.0 26.0 }
			temperature_day_night={ 6.0 -7.0 }
			no_phenomenon=0.700
			rain_light=0.220
			rain_heavy=0.080
			snow=0.000
			blizzard=0.000
			arctic_water=0.000
			mud=0.080
			sandstorm=0.000
			min_snow_level=0.000
		}
		period={
			between={ 0.7 30.7 }
			temperature={ 13.0 25.0 }
			temperature_day_night={ 6.0 -7.0 }
			no_phenomenon=0.720
			rain_light=0.200
			rain_heavy=0.080
			snow=0.000
			blizzard=0.000
			arctic_water=0.000
			mud=0.080
			sandstorm=0.000
			min_snow_level=0.000
		}
		period={
			between={ 0.8 29.8 }
			temperature={ 8.0 19.0 }
			temperature_day_night={ 6.0 -7.0 }
			no_phenomenon=0.740
			rain_light=0.200
			rain_heavy=0.060
			snow=0.000
			blizzard=0.000
			arctic_water=0.000
			mud=0.100
			sandstorm=0.000
			min_snow_level=0.000
		}
		period={
			between={ 0.9 30.9 }
			temperature={ 2.0 11.0 }
			temperature_day_night={ 6.0 -7.0 }
			no_phenomenon=0.730
			rain_light=0.160
			rain_heavy=0.040
			snow=0.050
			blizzard=0.020
			arctic_water=0.000
			mud=0.120
			sandstorm=0.000
			min_snow_level=0.010
		}
		period={
			between={ 0.10 29.10 }
			temperature={ -5.0 3.0 }
			temperature_day_night={ 6.0 -7.0 }
			no_phenomenon=0.680
			rain_light=0.080
			rain_heavy=0.010
			snow=0.180
			blizzard=0.050
			arctic_water=0.000
			mud=0.080
			sandstorm=0.000
			min_snow_level=0.140
		}
		period={
			between={ 0.11 30.11 }
			temperature={ -13.0 -5.0 }
			temperature_day_night={ 6.0 -7.0 }
			no_phenomenon=0.630
			rain_light=0.030
			rain_heavy=0.000
			snow=0.260
			blizzard=0.080
			arctic_water=0.000
			mud=0.040
			sandstorm=0.000
			min_snow_level=0.260
		}
	}
}
