strategic_region={
	id=3
	name="Arctic Canada"
	provinces={
		3 4 8 9 11 26 45 53 56 58 59 65 72 75 76 83 84 90 93 110 112 116 119 121 134 136 138 145 148 156 161 163 173 180 183 185 186 190 194 202 203 210 223 224 233 241 244 246 247 258 262 264 269 271 274 276 277 280 285 289 291 297 304 305 307 309 314 320 321 326 330 332 333 336 339 349 350 354 361 369 370 377 379 383 385 400 401 407 433 439 441 447 454 455 464 477 479 480 497 501 533 535 541 550 555 557 567 568 570 583 591 593 596 619 620 624 629 630 648 649 651 653 657 665 667 674 683 685 686 713 720 732 736 749 750 752 758 761 763 766 767 768 770 773 780 786 802 807 814 818 821 825 833 834 844 869 870 871 884 889 897 901 903 906 917 921 929 932 952 962 981 992 994 995 1001 1003 1005 1010 1044 1051 1052 1068 1076 1081 1084 1086 1087 1093 1102 1111 1118 1123 1128 1134 1135 1137 1143 1149 1152 1153
		1154 1155 1163 1176 1178 1181 1183 1188 1194 1211 1216 1217 1233 1234 1235 1236 1245 1246 1266 1294 1305 1306 1313 1324 1327 1329 1339 1343 1344 1346 1353 1356 1361 1368 1374 1375 1384 1386 1388 1402 1409 1411 1415 1422 1428 1429 1436 1440 1454 1465 1468 1469 1480 1485 1489 1525 1532 1557 1558 1561 1572 1575 1578 1583 1604 1607 1611 1612 1614 1615 1621 1630 1636 1638 1639 1642 1649 1660 1671 1677 1681 1686 1693 1697 1700 1739 1744 1755 1758 1782 1788 1794 1799 1803 1811 1819 1821 1835 1869 1872 1873 1892 1896 1898 1902 1903 1906 1909 1910 1913 1944 1949 1950 1960 1964 1974 1980 1981 1999 2002 2005 2006 2009 2011 2023 2026 2027 2030 2035 2042 2071 2095 2099 2103 2105 2116 2119 2124 2135 2137 2142 2165 2169 2172 2180 2182 2193 2201 2210 2212 2219 2236 2259 2287 2288 2289 2291 2295 2314 2315 2318 2322 2333 2334 2360 2364 2365 2369 2374 2405 2412 2421 2426 2428 2453 2458 2479 2496 2502 2510 2513 2532 2546 2568 2571 2609 2626 2632 2646 2653 2663 2696 2701 2703 2709 2717 2721 2739 2760 2772
		2796 2801 2806 2812 2822 2830 2839 2840 2847 2850 2856 2858 2876 2883 2897 2898 2902 2904 2939 2941 2947 2954 2959 2983 2991 3003 3004 3010 3015 3034 3048 3059 3064 3122 3130 3131 3143 3150 3158 3166 3178 3179 3196 3199 3217 3218 3219 3223 3227 3228 3239 3255 3270 3271 3285 3298 3309 3328 3330 3338 3361 3401 3415 3426 3439 3450 3453 3455 3479 3481 3485 3499 3501 3517 3520 3558 3563 3564 3571 3575 3580 3588 3589 3590 3591 3604 3605 3615 3618 3620 3638 3649 3663 3679 3695 3699 3736 3745 3747 3777 3781 3794 3795 3816 3861 3873 3878 3892 3923 3928 3941 3944 3949 3951 3963 3967 4001 4008 4009 4016 4022 4026 4040 4052 4054 4056 4065 4066 4081 4116 4117 4152 4154 4184 4190 4198 4199 4206 4238 4240 4250 4252 4255 4277 4282 4294 4303 4304 4305 4321 4391 4423 4428 4450 4466 4494 4508 4517 4526 4545 4595 4636 4650 4651 4659 4660 4689 4691 4693 4709 4710 4778 4782 4784 4826 4834 4858 4877 4908 4911 4945 5012 5030 5056 5059 5090 5116 5120 5129 5147 5169 5172 5214 5223 5226 5229 5293 5313 5317 5324
		5348 5378 5411 5418 5421 5423 5445 5451 5458 5474 5483 5486 5516 5526 5527 5536 5553 5572 5601 5604 5621 5626 5632 5670 5674 5676 5677 5715 5728 5751 5835 5871 5888 5900 5908 5915 5923 5933 5965 5972 5973 5987 5991 5997 5998 5999 6001 6004 6006 6011 6015 6016 6019 6021 6024 6026 6027 6030 6035 6037 6039 6042 6044 6046 6047 6050 6051 6052 6053 6058 6059 6064 6065 6069 6071 6076 6077 6081 6084 6086 6087 6088 6091 6092 6098 6099 6100 6101 6104 6106 6109 6111 6114 6115 6117 6121 6122 6124 6125 6126 6129 6133 6134 6135 6136 6137 6138 6139 6141 6142 6143 6144 6145 6146 6147 6148 6149 6150 6151 6152 6153 6154 6155 6157 6158 6159 6160 6161 6163 6165 6166 6168 6169 6172 6173 6174 6175 6177 6178 6179 6182 6183 6185 6186 6187 6188 6189 6190 6192 6193 6194 6195 6196 6197 6198 6199 6200 6202 6204 6205 6206 6207 6208 6209 6210 6211 6213 6215 6216 6217 6218 6219 6220 6221 6224 6225 6226 6227 6228 6230 6231 6232 6233 6234 6236 6237 6238 6240 6241 6242 6247 6249 6250 6254 6256 6258 6260 6261 6263 6264
		6266 6268 6272 6273 9494 9495 9496 9498 9500 9502 9503 9506 9507 9509 9510 9513 9514 9515 9517 9521 9522 9523 9524 9525 9526 9528 9529 9532 9533 9534 9537 9538 9539 9546 9548 9550 9552 9553 9555 9567 14496 14498 14499 14505 14514 14527 14528 14530 14544 14545 14548 14563 14570 14573 14577 14580 14583 14584 14594 14596 14597 14598 14599 14600 14601 14604 14634 14635 14636 14637 14638 14639 14641 14642 14643 14644 14645 14646 14647 14649 14650 14651 14652 14653 14654 14655 14656 14657 14658 14659 14660 14661 14664 14665 14666 14667 14668 14669 14670 14671 14672 14673 14674 14675 14676 14677 14678 14679 14680 14681 14682 14683 14684 14685 14686 14687 14688 14689 14690 14691 14693 14694 14695 14696 14697 14698 14700 14701 14703 14704 14705 14706 14708 14709 14710 14711 14713 14714 14715 14716 14721 14722 14723 14724 14725 14726 14727 14728 14729 14730 14731 14732 14733 14734 14736 14738 14740 14742 14743 14748
	}
	weather={
		period={
			between={ 0.0 30.0 }
			temperature={ -31.0 -22.0 }
			temperature_day_night={ 4.0 -6.0 }
			no_phenomenon=0.530
			rain_light=0.000
			rain_heavy=0.000
			snow=0.320
			blizzard=0.150
			arctic_water=0.000
			mud=0.020
			sandstorm=0.000
			min_snow_level=0.450
		}
		period={
			between={ 0.1 27.1 }
			temperature={ -30.0 -21.0 }
			temperature_day_night={ 4.0 -6.0 }
			no_phenomenon=0.560
			rain_light=0.000
			rain_heavy=0.000
			snow=0.300
			blizzard=0.140
			arctic_water=0.000
			mud=0.020
			sandstorm=0.000
			min_snow_level=0.450
		}
		period={
			between={ 0.2 30.2 }
			temperature={ -27.0 -17.0 }
			temperature_day_night={ 4.0 -6.0 }
			no_phenomenon=0.600
			rain_light=0.000
			rain_heavy=0.000
			snow=0.280
			blizzard=0.120
			arctic_water=0.000
			mud=0.020
			sandstorm=0.000
			min_snow_level=0.400
		}
		period={
			between={ 0.3 29.3 }
			temperature={ -18.0 -8.0 }
			temperature_day_night={ 4.0 -6.0 }
			no_phenomenon=0.650
			rain_light=0.020
			rain_heavy=0.000
			snow=0.250
			blizzard=0.080
			arctic_water=0.000
			mud=0.080
			sandstorm=0.000
			min_snow_level=0.300
		}
		period={
			between={ 0.4 30.4 }
			temperature={ -6.0 2.0 }
			temperature_day_night={ 4.0 -6.0 }
			no_phenomenon=0.700
			rain_light=0.100
			rain_heavy=0.020
			snow=0.150
			blizzard=0.030
			arctic_water=0.000
			mud=0.250
			sandstorm=0.000
			min_snow_level=0.150
		}
		period={
			between={ 0.5 29.5 }
			temperature={ 3.0 12.0 }
			temperature_day_night={ 4.0 -6.0 }
			no_phenomenon=0.730
			rain_light=0.180
			rain_heavy=0.040
			snow=0.050
			blizzard=0.000
			arctic_water=0.000
			mud=0.200
			sandstorm=0.000
			min_snow_level=0.050
		}
		period={
			between={ 0.6 30.6 }
			temperature={ 8.0 18.0 }
			temperature_day_night={ 4.0 -6.0 }
			no_phenomenon=0.710
			rain_light=0.220
			rain_heavy=0.050
			snow=0.020
			blizzard=0.000
			arctic_water=0.000
			mud=0.120
			sandstorm=0.000
			min_snow_level=0.000
		}
		period={
			between={ 0.7 30.7 }
			temperature={ 6.0 15.0 }
			temperature_day_night={ 4.0 -6.0 }
			no_phenomenon=0.700
			rain_light=0.220
			rain_heavy=0.050
			snow=0.030
			blizzard=0.000
			arctic_water=0.000
			mud=0.120
			sandstorm=0.000
			min_snow_level=0.000
		}
		period={
			between={ 0.8 29.8 }
			temperature={ 0.0 7.0 }
			temperature_day_night={ 4.0 -6.0 }
			no_phenomenon=0.680
			rain_light=0.150
			rain_heavy=0.030
			snow=0.120
			blizzard=0.020
			arctic_water=0.000
			mud=0.150
			sandstorm=0.000
			min_snow_level=0.050
		}
		period={
			between={ 0.9 30.9 }
			temperature={ -9.0 -2.0 }
			temperature_day_night={ 4.0 -6.0 }
			no_phenomenon=0.620
			rain_light=0.050
			rain_heavy=0.000
			snow=0.250
			blizzard=0.080
			arctic_water=0.000
			mud=0.100
			sandstorm=0.000
			min_snow_level=0.200
		}
		period={
			between={ 0.10 29.10 }
			temperature={ -21.0 -12.0 }
			temperature_day_night={ 4.0 -6.0 }
			no_phenomenon=0.540
			rain_light=0.000
			rain_heavy=0.000
			snow=0.320
			blizzard=0.140
			arctic_water=0.000
			mud=0.040
			sandstorm=0.000
			min_snow_level=0.350
		}
		period={
			between={ 0.11 30.11 }
			temperature={ -28.0 -19.0 }
			temperature_day_night={ 4.0 -6.0 }
			no_phenomenon=0.500
			rain_light=0.000
			rain_heavy=0.000
			snow=0.340
			blizzard=0.160
			arctic_water=0.000
			mud=0.020
			sandstorm=0.000
			min_snow_level=0.450
		}
	}
}
