strategic_region={
	id=30
	name="Northern South America"
	provinces={
		18 51 78 79 113 151 176 182 206 242 302 341 371 387 390 391 399 413 469 516 525 531 534 538 582 625 637 688 710 712 778 783 791 797 800 836 842 866 878 892 900 953 974 982 1008 1015 1039 1049 1063 1107 1127 1150 1169 1193 1218 1222 1255 1262 1288 1330 1333 1336 1397 1416 1425 1463 1464 1476 1486 1491 1494 1546 1553 1554 1594 1598 1626 1683 1751 1770 1775 1780 1798 1823 1842 1855 1870 1904 1973 1982 1992 2008 2013 2046 2050 2106 2131 2136 2151 2191 2217 2225 2239 2281 2316 2324 2331 2332 2399 2414 2440 2461 2482 2491 2495 2509 2526 2557 2577 2622 2635 2643 2677 2689 2788 2789 2792 2795 2808 2843 2855 2862 2863 2889 2928 2942 2948 2953 2978 2982 2995 2996 3001 3030 3046 3066 3067 3073 3080 3110 3138 3145 3153 3161 3167 3190 3206 3226 3233 3237 3276 3299 3303 3316 3324 3333 3339 3344 3351 3362 3374 3399 3413 3431 3433 3436 3460 3461 3486 3528 3566 3587 3610 3627 3644 3697 3715 3725 3734 3743 3765 3770 3789 3796 3817 3824 3827 3836 3857 3863
		3872 3904 3943 3950 3953 3975 3989 4015 4017 4027 4028 4042 4043 4045 4085 4092 4153 4168 4229 4234 4257 4259 4264 4275 4290 4313 4333 4350 4356 4360 4385 4414 4416 4442 4459 4488 4506 4511 4522 4536 4569 4632 4658 4682 4684 4695 4712 4716 4720 4723 4744 4746 4758 4763 4766 4774 4777 4798 4803 4810 4819 4823 4859 4874 4912 4915 4935 4942 4979 4982 4983 5029 5033 5034 5038 5043 5058 5077 5109 5115 5130 5131 5133 5138 5142 5171 5174 5181 5184 5194 5208 5218 5251 5260 5263 5267 5301 5320 5336 5342 5350 5354 5367 5416 5438 5485 5493 5506 5530 5543 5602 5610 5614 5644 5659 5662 5673 5688 5698 5701 5726 5744 5760 5764 5770 5774 5806 5830 5856 5865 5884 5907 5924 5927 5940 5942 8937 8946 8950 8951 8953 8957 8959 8963 8965 8966 8967 8970 8977 8978 8979 8984 8985 8986 8989 8990 8991 8993 8998 8999 9002 9008 9009 9010 9013 9014 9015 9022 9024 9025 9039 9040 9041 9045 9049 9055 9058 9062 9066 9070 9084 9088 9093 9094 9097 9098 9103 9111 9117 9118 9119 9120 9124 9127 9133 9134 9139 9140 9142 9144
		9145 9146 9148 9155 9158 9162 9163 9164 9165 9167 9168 9172 9173 9175 9178 9179 9187 9188 9189 9190 9191 9192 9193 9199 9203 9204 9208 9209 9211 9214 9215 9216 9217 9221 9223 9225 9227 9229 9231 9232 9235 9237 9239 9240 9241 9242 9243 9246 9247 9255 9256 9259 9262 9264 9266 9267 9270 9273 9274 9277 9279 9280 9281 9282 9283 9284 9285 9287 9289 9291 9292 9294 9300 9301 9302 9303 9305 9306 9308 9309 9311 9315 9316 9317 9318 9319 9320 9321 9322 9323 9324 9327 9328 9329 9330 9332 9333 9335 9336 9337 9339 9340 9341 9342 9343 9345 9346 9348 9349 9350 9351 9352 9353 9355 9356 9357 9358 9359 9361 9363 9364 9366 9367 9368 9369 9372 9373 9375 9377 9378 9379 9380 9382 9383 9384 9388 9389 9391 9392 9393 9394 9395 9396 9399 9401 9402 9403 9408 9409 9410 9413 9414 9416 9417 9419 9420 9421 9422 9424 9425 9427 9428 9429 9431 9432 9435 9436 9437 9438 9439 9442 9445 9447 9448 9449 9451 9452 9453 9456 9457 9458 9460 9461 9462 9465 9466 9467 9468 9469 9470 9471 9473 9474 9475 9476 9477 9478 9479 9480 9481
		9482 9483 9484 9485 9486 9487 9488 9489 9490 9491 9492 9493 9626 14949
	}
	weather={
		period={
			between={ 0.0 30.0 }
			temperature={ 16.0 29.0 }
			temperature_day_night={ 5.0 -5.0 }
			no_phenomenon=0.830
			rain_light=0.140
			rain_heavy=0.030
			snow=0.000
			blizzard=0.000
			arctic_water=0.000
			mud=0.080
			sandstorm=0.000
			min_snow_level=0.000
		}
		period={
			between={ 0.1 27.1 }
			temperature={ 16.0 30.0 }
			temperature_day_night={ 5.0 -5.0 }
			no_phenomenon=0.830
			rain_light=0.140
			rain_heavy=0.030
			snow=0.000
			blizzard=0.000
			arctic_water=0.000
			mud=0.080
			sandstorm=0.000
			min_snow_level=0.000
		}
		period={
			between={ 0.2 30.2 }
			temperature={ 17.0 30.0 }
			temperature_day_night={ 5.0 -5.0 }
			no_phenomenon=0.760
			rain_light=0.180
			rain_heavy=0.060
			snow=0.000
			blizzard=0.000
			arctic_water=0.000
			mud=0.120
			sandstorm=0.000
			min_snow_level=0.000
		}
		period={
			between={ 0.3 29.3 }
			temperature={ 17.0 30.0 }
			temperature_day_night={ 5.0 -5.0 }
			no_phenomenon=0.660
			rain_light=0.240
			rain_heavy=0.100
			snow=0.000
			blizzard=0.000
			arctic_water=0.000
			mud=0.180
			sandstorm=0.000
			min_snow_level=0.000
		}
		period={
			between={ 0.4 30.4 }
			temperature={ 17.0 29.0 }
			temperature_day_night={ 5.0 -5.0 }
			no_phenomenon=0.630
			rain_light=0.260
			rain_heavy=0.110
			snow=0.000
			blizzard=0.000
			arctic_water=0.000
			mud=0.200
			sandstorm=0.000
			min_snow_level=0.000
		}
		period={
			between={ 0.5 29.5 }
			temperature={ 17.0 28.0 }
			temperature_day_night={ 5.0 -5.0 }
			no_phenomenon=0.700
			rain_light=0.220
			rain_heavy=0.080
			snow=0.000
			blizzard=0.000
			arctic_water=0.000
			mud=0.160
			sandstorm=0.000
			min_snow_level=0.000
		}
		period={
			between={ 0.6 30.6 }
			temperature={ 16.0 28.0 }
			temperature_day_night={ 5.0 -5.0 }
			no_phenomenon=0.740
			rain_light=0.200
			rain_heavy=0.060
			snow=0.000
			blizzard=0.000
			arctic_water=0.000
			mud=0.120
			sandstorm=0.000
			min_snow_level=0.000
		}
		period={
			between={ 0.7 30.7 }
			temperature={ 16.0 29.0 }
			temperature_day_night={ 5.0 -5.0 }
			no_phenomenon=0.740
			rain_light=0.200
			rain_heavy=0.060
			snow=0.000
			blizzard=0.000
			arctic_water=0.000
			mud=0.120
			sandstorm=0.000
			min_snow_level=0.000
		}
		period={
			between={ 0.8 29.8 }
			temperature={ 16.0 29.0 }
			temperature_day_night={ 5.0 -5.0 }
			no_phenomenon=0.700
			rain_light=0.220
			rain_heavy=0.080
			snow=0.000
			blizzard=0.000
			arctic_water=0.000
			mud=0.140
			sandstorm=0.000
			min_snow_level=0.000
		}
		period={
			between={ 0.9 30.9 }
			temperature={ 16.0 28.0 }
			temperature_day_night={ 5.0 -5.0 }
			no_phenomenon=0.630
			rain_light=0.260
			rain_heavy=0.110
			snow=0.000
			blizzard=0.000
			arctic_water=0.000
			mud=0.200
			sandstorm=0.000
			min_snow_level=0.000
		}
		period={
			between={ 0.10 29.10 }
			temperature={ 16.0 28.0 }
			temperature_day_night={ 5.0 -5.0 }
			no_phenomenon=0.660
			rain_light=0.240
			rain_heavy=0.100
			snow=0.000
			blizzard=0.000
			arctic_water=0.000
			mud=0.180
			sandstorm=0.000
			min_snow_level=0.000
		}
		period={
			between={ 0.11 30.11 }
			temperature={ 16.0 28.0 }
			temperature_day_night={ 5.0 -5.0 }
			no_phenomenon=0.770
			rain_light=0.180
			rain_heavy=0.050
			snow=0.000
			blizzard=0.000
			arctic_water=0.000
			mud=0.100
			sandstorm=0.000
			min_snow_level=0.000
		}
	}
}
