1 30 
1 54 
1 214 
1 282 
1 343 
1 346 
1 543 
1 668 
1 731 
1 769 
1 772 
1 828 
1 883 
1 886 
1 898 
1 1074 
1 1133 
1 1141 
1 1164 
1 1187 
1 1220 
1 1275 
1 1316 
1 1395 
1 1396 
1 1405 
1 1511 
1 1555 
1 1597 
1 1608 
1 1699 
1 1721 
1 1727 
1 1760 
1 1765 
1 1820 
1 1823 
1 1838 
1 1893 
1 1917 
1 1935 
1 2021 
1 2073 
1 2122 
1 2132 
1 2373 
1 2379 
1 2391 
1 2403 
1 2409 
1 2433 
1 2456 
1 2471 
1 2494 
1 2507 
1 2622 
1 2629 
1 2635 
1 2640 
1 2650 
1 2651 
1 2712 
1 2768 
1 2771 
1 2783 
1 2784 
1 2798 
1 2807 
1 2816 
1 2821 
1 2827 
1 2844 
1 2872 
1 2875 
1 2879 
1 2884 
1 2926 
1 2956 
1 2976 
1 2993 
1 2996 
1 3079 
1 3085 
1 3095 
1 3121 
1 3194 
1 3250 
1 3282 
1 3314 
1 3316 
1 3317 
1 3370 
1 3376 
1 3395 
1 3408 
1 3442 
1 3502 
1 3570 
1 3578 
1 3659 
1 3718 
1 3728 
1 3782 
1 3843 
1 3847 
1 3853 
1 3880 
1 3925 
1 3970 
1 3979 
1 4036 
1 4083 
1 4093 
1 4106 
1 4157 
1 4167 
1 4175 
1 4188 
1 4230 
1 4239 
1 4274 
1 4364 
1 4373 
1 4374 
1 4397 
1 4430 
1 4470 
1 4501 
1 4541 
1 4546 
1 4555 
1 4573 
1 4576 
1 4645 
1 4663 
1 4673 
1 4694 
1 4737 
1 4750 
1 4776 
1 4793 
1 4890 
1 4988 
1 5011 
1 5051 
1 5060 
1 5084 
1 5154 
1 5165 
1 5174 
1 5205 
1 5220 
1 5267 
1 5271 
1 5276 
1 5290 
1 5300 
1 5384 
1 5447 
1 5469 
1 5494 
1 5507 
1 5511 
1 5522 
1 5540 
1 5595 
1 5641 
1 5654 
1 5684 
1 5737 
1 5771 
1 5775 
1 5786 
1 5795 
1 5796 
1 5815 
1 5824 
1 5844 
1 5846 
1 5892 
1 5906 
1 5938 
1 5963 
1 6216 
1 6366 
1 6423 
1 6522 
1 6526 
1 6542 
1 6550 
1 6551 
1 6572 
1 6597 
1 6598 
1 6628 
1 6633 
1 6677 
1 6692 
1 6694 
1 6722 
1 6731 
1 6736 
1 6737 
1 6746 
1 6821 
1 6825 
1 6832 
1 6833 
1 6836 
1 6845 
1 6858 
1 6881 
1 6887 
1 6893 
1 6918 
1 6928 
1 6934 
1 6935 
1 6942 
1 6948 
1 6959 
1 6968 
1 7002 
1 7008 
1 7026 
1 7071 
1 7079 
1 7085 
1 7111 
1 7142 
1 7143 
1 7159 
1 7177 
1 7202 
1 7220 
1 7229 
1 7233 
1 7236 
1 7258 
1 7277 
1 7280 
1 7281 
1 7297 
1 7319 
1 7333 
1 7383 
1 7393 
1 7412 
1 7452 
1 7460 
1 7515 
1 7537 
1 7556 
1 7562 
1 7654 
1 7658 
1 7667 
1 7691 
1 7709 
1 7718 
1 7745 
1 7774 
1 7806 
1 7828 
1 7829 
1 7840 
1 7878 
1 7882 
1 7892 
1 7896 
1 7907 
1 7909 
1 7918 
1 7924 
1 7986 
1 8006 
1 8040 
1 8078 
1 8103 
1 8117 
1 8185 
1 8223 
1 8246 
1 8291 
1 8354 
1 8383 
1 8385 
1 8391 
1 8573 
1 8578 
1 8579 
1 8585 
1 8614 
1 8694 
1 8765 
1 8839 
1 8951 
1 9117 
1 9132 
1 9191 
1 9200 
1 9253 
1 9314 
1 9371 
1 9376 
1 9390 
1 9599 
1 9604 
1 9614 
1 9615 
